episode, 	score, 	total_loss, 	actor_loss, 	critic_loss, 	entropy
1, 	0.6795, 	-0.1964, 	-0.2660, 	0.0764, 	6.7785
2, 	0.7900, 	-0.4315, 	-0.4288, 	0.0041, 	6.7898
3, 	1.0165, 	-0.3714, 	-0.3689, 	0.0043, 	6.8018
4, 	1.2620, 	-0.4734, 	-0.4724, 	0.0059, 	6.8142
5, 	0.9540, 	-0.6014, 	-0.6016, 	0.0069, 	6.8368
6, 	1.0565, 	-0.6887, 	-0.6907, 	0.0088, 	6.8518
7, 	1.1620, 	-0.5948, 	-0.5959, 	0.0080, 	6.8710
8, 	1.1960, 	-0.6870, 	-0.6900, 	0.0098, 	6.8934
9, 	1.4200, 	-0.8742, 	-0.8825, 	0.0153, 	6.9107
10, 	1.4530, 	-0.3417, 	-0.3391, 	0.0043, 	6.9382
11, 	1.6790, 	-0.8693, 	-0.8772, 	0.0148, 	6.9521
12, 	2.1715, 	-0.9252, 	-0.9334, 	0.0152, 	6.9641
13, 	1.7290, 	-0.8971, 	-0.9035, 	0.0134, 	6.9732
14, 	2.1780, 	-1.2140, 	-1.2310, 	0.0239, 	6.9832
15, 	2.9150, 	-1.4955, 	-1.5228, 	0.0343, 	6.9806
16, 	2.2975, 	-1.4161, 	-1.4446, 	0.0354, 	6.9874
17, 	2.3160, 	-1.3234, 	-1.3471, 	0.0307, 	6.9897
18, 	2.4865, 	-1.4031, 	-1.4301, 	0.0339, 	6.9913
19, 	2.9550, 	-1.2730, 	-1.2953, 	0.0292, 	6.9925
20, 	2.7460, 	-1.2187, 	-1.2360, 	0.0244, 	6.9992
21, 	2.9105, 	-1.6809, 	-1.7186, 	0.0447, 	6.9983
22, 	3.9420, 	-1.8747, 	-1.9264, 	0.0587, 	6.9837
23, 	3.3560, 	-2.1452, 	-2.2213, 	0.0831, 	6.9811
24, 	3.6035, 	-1.7461, 	-1.7863, 	0.0471, 	6.9836
25, 	4.1075, 	-2.1669, 	-2.2370, 	0.0770, 	6.9724
26, 	3.8585, 	-1.8586, 	-1.9099, 	0.0582, 	6.9738
27, 	4.2775, 	-1.9419, 	-2.0024, 	0.0675, 	6.9693
28, 	4.4185, 	-1.7796, 	-1.8309, 	0.0583, 	6.9635
29, 	5.0085, 	-2.7697, 	-2.9016, 	0.1389, 	6.9495
30, 	4.2845, 	-2.0857, 	-2.1545, 	0.0758, 	6.9482
31, 	4.6650, 	-2.6849, 	-2.8075, 	0.1295, 	6.9407
32, 	5.1905, 	-2.2586, 	-2.3409, 	0.0893, 	6.9379
33, 	4.9920, 	-2.6363, 	-2.7462, 	0.1168, 	6.9291
34, 	5.3485, 	-2.2368, 	-2.3197, 	0.0898, 	6.9223
35, 	6.3325, 	-3.8075, 	-4.0712, 	0.2706, 	6.9033
36, 	5.6725, 	-2.8996, 	-3.0344, 	0.1417, 	6.8932
37, 	6.6065, 	-3.2872, 	-3.4709, 	0.1906, 	6.8801
38, 	5.6060, 	-2.9034, 	-3.0648, 	0.1683, 	6.8677
39, 	6.5100, 	-2.6974, 	-2.8210, 	0.1305, 	6.8561
40, 	6.6275, 	-4.5966, 	-5.0252, 	0.4355, 	6.8424
41, 	5.2705, 	-3.3402, 	-3.5510, 	0.2176, 	6.8394
42, 	6.5090, 	-3.1138, 	-3.3067, 	0.1997, 	6.8289
43, 	8.3645, 	-5.1568, 	-5.6715, 	0.5215, 	6.8078
44, 	6.2300, 	-3.1328, 	-3.3132, 	0.1871, 	6.8013
45, 	7.6200, 	-3.8727, 	-4.1561, 	0.2902, 	6.7840
46, 	8.2850, 	-4.2190, 	-4.5425, 	0.3303, 	6.7681
47, 	9.7520, 	-5.0378, 	-5.5901, 	0.5590, 	6.7404
48, 	10.4550, 	-5.6696, 	-6.4421, 	0.7792, 	6.7254
49, 	11.7365, 	-6.4772, 	-7.4008, 	0.9303, 	6.7076
50, 	11.7410, 	-6.6068, 	-7.7638, 	1.1637, 	6.6888
51, 	16.5450, 	-7.8945, 	-9.5718, 	1.6840, 	6.6647
52, 	16.2835, 	-7.9435, 	-9.7086, 	1.7718, 	6.6495
53, 	13.0490, 	-8.1482, 	-9.7586, 	1.6171, 	6.6429
54, 	17.5855, 	-8.4346, 	-10.3362, 	1.9083, 	6.6175
55, 	18.4935, 	-7.4197, 	-8.8613, 	1.4481, 	6.5980
56, 	20.6605, 	-9.4563, 	-11.9910, 	2.5413, 	6.5742
57, 	17.4835, 	-8.3368, 	-10.2234, 	1.8931, 	6.5586
58, 	21.9715, 	-9.1352, 	-11.7684, 	2.6397, 	6.5362
59, 	22.8420, 	-9.5946, 	-12.4255, 	2.8374, 	6.5160
60, 	24.8760, 	-9.9880, 	-13.3223, 	3.3407, 	6.4967
61, 	25.4970, 	-9.6830, 	-13.0174, 	3.3409, 	6.4828
62, 	26.3050, 	-11.5871, 	-15.8701, 	4.2894, 	6.4673
63, 	22.4080, 	-9.1033, 	-11.8678, 	2.7710, 	6.4547
64, 	23.3210, 	-10.7519, 	-13.7021, 	2.9566, 	6.4393
65, 	26.3805, 	-9.4367, 	-12.4669, 	3.0366, 	6.4175
66, 	25.9590, 	-10.1670, 	-13.4435, 	3.2829, 	6.4015
67, 	22.8125, 	-9.3488, 	-12.1008, 	2.7584, 	6.3891
68, 	23.0100, 	-9.4723, 	-12.3747, 	2.9088, 	6.3697
69, 	23.1790, 	-9.7570, 	-12.7887, 	3.0381, 	6.3519
70, 	26.5505, 	-10.7410, 	-13.9739, 	3.2393, 	6.3338
71, 	27.4480, 	-10.7347, 	-14.7957, 	4.0673, 	6.3092
72, 	27.8045, 	-10.8117, 	-15.1981, 	4.3927, 	6.2894
73, 	28.3580, 	-10.1579, 	-14.3674, 	4.2158, 	6.2699
74, 	25.1770, 	-10.4529, 	-14.2292, 	3.7825, 	6.2589
75, 	14.8000, 	-7.4223, 	-9.1290, 	1.7129, 	6.2612
76, 	17.0635, 	-7.2195, 	-8.8962, 	1.6829, 	6.2505
77, 	19.8330, 	-8.9180, 	-11.1754, 	2.2636, 	6.2380
78, 	23.0875, 	-8.9920, 	-12.0317, 	3.0459, 	6.2162
79, 	23.2455, 	-9.9260, 	-13.1670, 	3.2473, 	6.1998
80, 	29.3130, 	-9.8993, 	-14.1617, 	4.2686, 	6.1759
81, 	30.0350, 	-10.8692, 	-15.2396, 	4.3766, 	6.1596
82, 	30.5135, 	-11.1092, 	-15.7427, 	4.6396, 	6.1423
83, 	29.4975, 	-10.0956, 	-14.3917, 	4.3022, 	6.1256
84, 	29.4500, 	-10.6996, 	-15.2431, 	4.5496, 	6.1103
85, 	28.7615, 	-10.2153, 	-14.3624, 	4.1532, 	6.0951
86, 	27.5795, 	-9.6148, 	-13.1931, 	3.5844, 	6.0842
87, 	26.9205, 	-9.6164, 	-13.5368, 	3.9264, 	6.0701
88, 	31.7545, 	-11.1666, 	-16.2803, 	5.1197, 	6.0518
89, 	29.2565, 	-10.1784, 	-14.3646, 	4.1922, 	6.0399
90, 	32.0800, 	-10.0820, 	-14.8522, 	4.7762, 	6.0227
91, 	31.8390, 	-10.6662, 	-15.4948, 	4.8346, 	6.0122
92, 	31.6965, 	-10.3960, 	-15.3533, 	4.9633, 	5.9973
93, 	30.5745, 	-10.3352, 	-14.8597, 	4.5305, 	5.9860
94, 	30.7290, 	-10.1428, 	-14.7849, 	4.6481, 	5.9703
95, 	31.4160, 	-10.7072, 	-15.4896, 	4.7883, 	5.9577
96, 	32.6025, 	-10.1349, 	-15.0147, 	4.8857, 	5.9450
97, 	30.1425, 	-9.9861, 	-15.0531, 	5.0728, 	5.9385
98, 	29.4740, 	-10.1591, 	-15.0051, 	4.8519, 	5.9306
99, 	29.6300, 	-9.4158, 	-13.7221, 	4.3123, 	5.9198
100, 	29.6055, 	-10.2478, 	-14.8018, 	4.5599, 	5.9097
101, 	33.1935, 	-10.1305, 	-15.5420, 	5.4174, 	5.8936
102, 	28.9965, 	-8.9189, 	-12.8255, 	3.9125, 	5.8887
103, 	25.8425, 	-9.5163, 	-12.9998, 	3.4893, 	5.8876
104, 	26.1695, 	-9.2699, 	-12.8582, 	3.5942, 	5.8734
105, 	26.7335, 	-10.4973, 	-14.5654, 	4.0740, 	5.8612
106, 	31.2790, 	-10.5587, 	-15.7531, 	5.2003, 	5.8411
107, 	32.1520, 	-10.1726, 	-15.2020, 	5.0352, 	5.8244
108, 	30.5140, 	-9.8564, 	-14.3727, 	4.5221, 	5.8146
109, 	26.7210, 	-9.0669, 	-12.8163, 	3.7552, 	5.8054
110, 	31.2230, 	-9.9484, 	-14.9002, 	4.9575, 	5.7905
111, 	27.5745, 	-9.6734, 	-13.6754, 	4.0077, 	5.7788
112, 	31.5675, 	-9.4192, 	-14.2503, 	4.8368, 	5.7617
113, 	33.5105, 	-9.8401, 	-14.5768, 	4.7425, 	5.7538
114, 	28.3310, 	-8.7691, 	-12.8567, 	4.0934, 	5.7465
115, 	29.2165, 	-9.4943, 	-13.4643, 	3.9757, 	5.7404
116, 	26.2460, 	-8.2588, 	-11.5554, 	3.3023, 	5.7294
117, 	21.7075, 	-8.2087, 	-10.7005, 	2.4975, 	5.7295
118, 	28.8005, 	-9.5022, 	-13.6818, 	4.1853, 	5.7113
119, 	20.2730, 	-8.4694, 	-11.2724, 	2.8087, 	5.7038
120, 	27.9985, 	-8.9948, 	-12.3956, 	3.4065, 	5.6843
121, 	27.0820, 	-8.6280, 	-12.0988, 	3.4765, 	5.6737
122, 	32.0565, 	-10.0350, 	-14.7621, 	4.7328, 	5.6550
123, 	31.1810, 	-9.2052, 	-13.8789, 	4.6793, 	5.6382
124, 	31.3045, 	-9.0004, 	-14.0777, 	5.0829, 	5.6245
125, 	30.2645, 	-9.6371, 	-14.0045, 	4.3731, 	5.6189
126, 	32.1560, 	-8.8585, 	-14.0094, 	5.1565, 	5.6041
127, 	35.4010, 	-10.0996, 	-15.5647, 	5.4707, 	5.5973
128, 	34.1615, 	-9.7817, 	-15.2090, 	5.4328, 	5.5851
129, 	32.5990, 	-9.6284, 	-14.9109, 	5.2881, 	5.5766
130, 	34.1030, 	-10.0077, 	-15.3593, 	5.3572, 	5.5650
131, 	23.6875, 	-7.5048, 	-10.6972, 	3.1980, 	5.5633
132, 	35.9560, 	-10.1184, 	-16.0227, 	5.9099, 	5.5431
133, 	28.0410, 	-8.9305, 	-13.0747, 	4.1497, 	5.5377
134, 	34.4925, 	-9.9472, 	-15.6394, 	5.6977, 	5.5238
135, 	33.8580, 	-9.0121, 	-14.2819, 	5.2753, 	5.5137
136, 	29.5370, 	-9.2174, 	-13.5717, 	4.3598, 	5.5135
137, 	32.6165, 	-8.1036, 	-13.1162, 	5.0180, 	5.5001
138, 	29.0780, 	-9.0752, 	-13.4086, 	4.3390, 	5.4978
139, 	28.0850, 	-8.4181, 	-12.4351, 	4.0225, 	5.4895
140, 	27.7990, 	-7.7406, 	-11.0898, 	3.3547, 	5.4833
141, 	34.0070, 	-9.0212, 	-14.7513, 	5.7356, 	5.4661
142, 	32.0260, 	-9.1281, 	-13.9341, 	4.8115, 	5.4604
143, 	35.1930, 	-9.1534, 	-14.9573, 	5.8094, 	5.4460
144, 	32.0990, 	-9.3995, 	-14.5039, 	5.1099, 	5.4397
145, 	32.0165, 	-8.4085, 	-13.4881, 	5.0851, 	5.4268
146, 	31.0265, 	-9.8481, 	-14.5905, 	4.7479, 	5.4240
147, 	33.6325, 	-9.0632, 	-14.3444, 	5.2866, 	5.4031
148, 	33.3140, 	-8.6302, 	-14.0452, 	5.4204, 	5.3956
149, 	36.0610, 	-9.6775, 	-15.3373, 	5.6651, 	5.3856
150, 	28.4720, 	-9.1764, 	-13.5429, 	4.3719, 	5.3863
151, 	28.2440, 	-8.0420, 	-12.1275, 	4.0909, 	5.3724
152, 	30.7475, 	-8.9608, 	-13.3658, 	4.4103, 	5.3687
153, 	24.9130, 	-7.3924, 	-10.4043, 	3.0173, 	5.3674
154, 	30.2795, 	-7.9585, 	-12.4345, 	4.4814, 	5.3519
155, 	33.3150, 	-8.2285, 	-13.0616, 	4.8385, 	5.3416
156, 	24.5940, 	-7.5584, 	-10.7740, 	3.2209, 	5.3410
157, 	26.3500, 	-7.6418, 	-11.0405, 	3.4040, 	5.3295
158, 	29.6110, 	-7.9198, 	-12.0838, 	4.1692, 	5.3196
159, 	27.2805, 	-7.9481, 	-11.3685, 	3.4257, 	5.3185
160, 	27.7940, 	-8.1333, 	-12.1447, 	4.0167, 	5.3029
161, 	32.4550, 	-7.6923, 	-12.6971, 	5.0101, 	5.2852
162, 	28.7640, 	-8.0504, 	-12.2828, 	4.2377, 	5.2858
163, 	29.2140, 	-8.5304, 	-12.6745, 	4.1494, 	5.2749
164, 	34.2770, 	-8.3458, 	-13.9723, 	5.6318, 	5.2544
165, 	33.3775, 	-8.6439, 	-14.2501, 	5.6115, 	5.2527
166, 	27.3990, 	-7.8018, 	-11.6596, 	3.8630, 	5.2521
167, 	31.7300, 	-9.5050, 	-14.0358, 	4.5360, 	5.2468
168, 	26.7170, 	-7.7987, 	-11.4702, 	3.6767, 	5.2311
169, 	33.5800, 	-8.1854, 	-13.3925, 	5.2123, 	5.2185
170, 	15.7385, 	-5.5359, 	-6.9963, 	1.4656, 	5.2328
171, 	21.4175, 	-6.8575, 	-9.6264, 	2.7742, 	5.2213
172, 	25.7365, 	-6.9188, 	-10.2061, 	3.2925, 	5.2062
173, 	24.3020, 	-6.9795, 	-10.1762, 	3.2019, 	5.1995
174, 	32.2690, 	-8.5870, 	-13.5664, 	4.9847, 	5.1842
175, 	25.0855, 	-7.2173, 	-10.8999, 	3.6878, 	5.1773
176, 	31.5465, 	-7.7845, 	-12.3750, 	4.5957, 	5.1645
177, 	19.8205, 	-7.3752, 	-10.8337, 	3.4637, 	5.1719
178, 	26.6080, 	-7.3363, 	-10.7062, 	3.3751, 	5.1602
179, 	33.3405, 	-8.5422, 	-13.5409, 	5.0039, 	5.1455
180, 	29.3995, 	-7.3769, 	-11.3538, 	3.9820, 	5.1386
181, 	34.0870, 	-8.6814, 	-14.1945, 	5.5182, 	5.1258
182, 	25.7920, 	-7.3287, 	-10.4891, 	3.1655, 	5.1248
183, 	33.2680, 	-7.0793, 	-13.0159, 	5.9417, 	5.1174
184, 	34.3920, 	-8.8072, 	-14.4878, 	5.6857, 	5.1178
185, 	29.2975, 	-7.9741, 	-12.1845, 	4.2155, 	5.1117
186, 	30.2365, 	-9.8179, 	-14.0861, 	4.2732, 	5.1002
187, 	30.9255, 	-7.2790, 	-11.6421, 	4.3682, 	5.0750
188, 	30.9955, 	-7.9459, 	-12.7213, 	4.7805, 	5.0700
189, 	28.2735, 	-5.9710, 	-9.6786, 	3.7127, 	5.0681
190, 	29.7445, 	-7.0269, 	-11.0202, 	3.9983, 	5.0684
191, 	29.4470, 	-7.1321, 	-11.1379, 	4.0109, 	5.0614
192, 	17.9470, 	-5.5547, 	-7.3699, 	1.8202, 	5.0671
193, 	20.9910, 	-5.6480, 	-7.6376, 	1.9947, 	5.0605
194, 	25.5965, 	-5.9679, 	-8.8028, 	2.8400, 	5.0494
195, 	24.4265, 	-7.3049, 	-10.1700, 	2.8701, 	5.0467
196, 	29.5460, 	-7.0188, 	-10.7999, 	3.7862, 	5.0291
197, 	25.1880, 	-6.7544, 	-9.7633, 	3.0139, 	5.0300
198, 	26.9365, 	-6.4105, 	-10.1690, 	3.7635, 	5.0148
199, 	32.3855, 	-6.9607, 	-12.4750, 	5.5192, 	5.0029
200, 	33.8710, 	-8.3315, 	-13.9874, 	5.6609, 	4.9999
201, 	28.9165, 	-6.9257, 	-11.2329, 	4.3122, 	4.9962
202, 	32.4370, 	-6.8291, 	-11.7890, 	4.9649, 	4.9854
203, 	35.7155, 	-7.3402, 	-13.0489, 	5.7136, 	4.9783
204, 	30.9830, 	-7.5079, 	-12.4714, 	4.9684, 	4.9762
205, 	33.4930, 	-7.3681, 	-12.8029, 	5.4398, 	4.9657
206, 	34.1430, 	-6.8993, 	-12.3233, 	5.4289, 	4.9607
207, 	36.2825, 	-8.4972, 	-14.2075, 	5.7152, 	4.9565
208, 	34.3505, 	-7.2936, 	-12.5417, 	5.2530, 	4.9504
209, 	33.3675, 	-7.5674, 	-12.8371, 	5.2746, 	4.9483
210, 	33.5565, 	-6.6214, 	-11.8023, 	5.1858, 	4.9440
211, 	29.4435, 	-7.4226, 	-11.5606, 	4.1430, 	4.9472
212, 	27.5165, 	-6.8323, 	-10.5454, 	3.7181, 	4.9427
213, 	33.4365, 	-7.4457, 	-12.5102, 	5.0694, 	4.9316